,0
0,0.0
1,0.42333333333333334
2,0.44666666666666666
3,0.52
4,0.8133333333333334
5,1.91
6,1.9
7,1.5333333333333334
8,3.29
9,3.67
10,14.286666666666667
11,13.976666666666667
12,14.303333333333333
13,39.836666666666666
14,44.193333333333335
15,59.056666666666665
16,62.67
17,57.18666666666667
18,83.65
19,74.69
20,86.96
21,79.18666666666667
22,81.05
23,98.68666666666667
24,84.88666666666667
25,108.06666666666666
26,114.19
27,108.12666666666667
28,112.27666666666667
29,107.97
30,124.38666666666667
31,124.83333333333333
32,114.93333333333334
33,132.58666666666667
34,125.65
35,118.75666666666666
36,133.89666666666668
37,136.76333333333332
38,123.87333333333333
39,124.31333333333333
