,0
0,0.0
1,9.576666666666666
2,19.553333333333335
3,24.48
4,24.186666666666667
5,48.07333333333333
6,48.1
7,48.46666666666667
8,71.71
9,71.33
10,84.03
11,85.23
12,84.42
13,76.98666666666666
14,75.75666666666666
15,68.96333333333334
16,66.78
17,69.72666666666667
18,57.156666666666666
19,61.51
20,55.71666666666667
21,59.54
22,58.56333333333333
23,49.99333333333333
24,56.596666666666664
25,45.42
26,42.27333333333333
27,45.27
28,43.306666666666665
29,45.38
30,37.14666666666667
31,37.126666666666665
32,41.973333333333336
33,33.193333333333335
34,36.736666666666665
35,40.2
36,32.73
37,31.28
38,37.63333333333333
39,37.586666666666666
